<?xml version="1.0"?>
<opencv_storage>
<my_matrix type_id="opencv-matrix">
  <rows>5</rows>
  <cols>5</cols>
  <dt>f</dt>
  <data>
    4.85625191e+001 2.80259693e-044 3.15592593e-039 1.40129846e-045
    3.15594835e-039 7.00649232e-045 7.00649232e-045 -431602080.
    -431602080. -431602080. -4.22016832e+037 -1.21979282e-012
    -1.21979282e-012 -1.58839967e+038 0. 0. 1.11126504e-003
    1.66188873e-024 3.15571293e-039 3.15615014e-039 0. 0.
    1.96181785e-043 1.40129846e-045 2.01786979e-043</data></my_matrix>
</opencv_storage>
